109 0.313990 0.421953 0.087060 0.051312
80 0.218900 0.549446 0.157240 0.541574
80 0.689050 0.668280 0.368380 0.589621
80 0.406060 0.466370 0.067680 0.273557
80 0.766940 0.406050 0.025760 0.111399
80 0.882730 0.405364 0.027340 0.108746
80 0.935370 0.408397 0.080180 0.193819
80 0.864180 0.433426 0.017520 0.080612
80 0.492730 0.400437 0.060700 0.178834
80 0.563000 0.395058 0.044840 0.148892
80 0.829310 0.410714 0.022220 0.100146
80 0.787160 0.402726 0.027560 0.149534
80 0.138270 0.397974 0.046860 0.128717
80 0.514230 0.411793 0.018380 0.105918
