108 0.708633 0.684896 0.083641 0.073375
108 0.335953 0.558677 0.047844 0.065521
108 0.256180 0.731906 0.242703 0.323604
80 0.392250 0.490479 0.069156 0.129000
80 0.405922 0.677906 0.057125 0.139396
80 0.339484 0.863010 0.084812 0.142521
80 0.761109 0.645813 0.089656 0.152750
80 0.766570 0.467615 0.047453 0.145563
80 0.199984 0.436969 0.083250 0.158104
80 0.147437 0.471896 0.062125 0.124083
106 0.346578 0.912469 0.044094 0.047021
106 0.417906 0.660219 0.014688 0.032521
80 0.721438 0.517167 0.068844 0.137708
80 0.163289 0.540667 0.057484 0.134583
104 0.124305 0.468104 0.045328 0.064167
104 0.158047 0.409656 0.038375 0.028229
