84 0.502547 0.340444 0.994906 0.662913
80 0.401805 0.584236 0.107797 0.384463
80 0.270820 0.604473 0.075578 0.341219
80 0.738406 0.569669 0.062875 0.330331
80 0.593484 0.575000 0.073969 0.276488
80 0.527797 0.573667 0.062813 0.274070
80 0.488664 0.573760 0.052266 0.294752
80 0.324000 0.578771 0.068906 0.280558
80 0.744180 0.366963 0.067297 0.195165
80 0.470961 0.322727 0.105297 0.157810
80 0.459164 0.583027 0.048047 0.280723
106 0.295695 0.602986 0.027766 0.058326
106 0.311008 0.575919 0.028516 0.054318
107 0.730539 0.474360 0.001922 0.020950
106 0.770984 0.573388 0.031563 0.061901
80 0.704641 0.290393 0.030781 0.054256
80 0.451312 0.530269 0.022906 0.154711
