80 0.314906 0.531385 0.208937 0.928263
80 0.144594 0.555528 0.289188 0.888944
80 0.198789 0.348087 0.254641 0.624155
80 0.200680 0.287934 0.053922 0.206103
80 0.732797 0.519847 0.274688 0.929507
120 0.588633 0.595822 0.038203 0.140329
120 0.267453 0.482876 0.077594 0.233122
120 0.387227 0.419648 0.038828 0.137512
80 0.093484 0.771901 0.186969 0.433709
120 0.052820 0.549413 0.105547 0.298545
80 0.579289 0.378498 0.077953 0.413803
154 0.691852 0.573744 0.020453 0.030728
105 0.500070 0.235728 0.136891 0.175023
