124 0.554898 0.468469 0.329391 0.101354
131 0.718219 0.802031 0.035906 0.088563
131 0.630547 0.836625 0.038469 0.112125
131 0.696375 0.809823 0.010656 0.054229
131 0.688344 0.874729 0.087469 0.064042
124 0.891422 0.648594 0.115187 0.254896
124 0.885594 0.490448 0.153031 0.089771
124 0.416000 0.134375 0.111625 0.090500
124 0.909359 0.608073 0.112000 0.167937
124 0.820719 0.906010 0.189906 0.183646
125 0.531563 0.186646 0.200906 0.130750
125 0.775672 0.610417 0.226375 0.236917
125 0.901391 0.805719 0.197219 0.297354
125 0.499047 0.502073 0.264688 0.179646
125 0.693187 0.847594 0.251938 0.289937
125 0.622750 0.399625 0.207313 0.143833
125 0.652055 0.308385 0.236328 0.134521
125 0.365664 0.186219 0.138109 0.068896
125 0.637227 0.164010 0.145297 0.130979
130 0.325914 0.562802 0.028516 0.065812
130 0.467734 0.850000 0.058875 0.060208
130 0.283016 0.592469 0.033656 0.060604
131 0.743414 0.869427 0.041203 0.066021
131 0.659156 0.903385 0.021313 0.066146
140 0.500000 0.543688 1.000000 0.912625
122 0.395453 0.918188 0.132469 0.137667
124 0.749438 0.282969 0.068875 0.060438
125 0.255195 0.225646 0.150203 0.081958
125 0.144422 0.291271 0.183094 0.125417
125 0.055742 0.380312 0.111484 0.153167
130 0.211406 0.736573 0.062500 0.053021
131 0.621133 0.892375 0.056922 0.062500
131 0.911609 0.801094 0.019031 0.031313
131 0.607164 0.838719 0.049016 0.056771
131 0.296297 0.792573 0.065250 0.087021
131 0.675023 0.801760 0.034984 0.046646
131 0.694406 0.941417 0.032250 0.022083
124 0.838328 0.280281 0.030687 0.019354
130 0.410172 0.699927 0.038156 0.042771
130 0.465234 0.639437 0.027375 0.069375
130 0.248742 0.561771 0.025672 0.029000
125 0.134875 0.489365 0.269750 0.191688
