134 0.411156 0.675896 0.230375 0.217500
134 0.153063 0.552448 0.188531 0.161396
134 0.378656 0.554531 0.229594 0.225271
134 0.388883 0.406740 0.218859 0.220563
134 0.186703 0.432417 0.189188 0.196625
134 0.177125 0.300896 0.196250 0.177000
134 0.844383 0.531458 0.188766 0.240458
134 0.832984 0.318583 0.190750 0.212250
134 0.178070 0.796469 0.241828 0.249396
134 0.851273 0.797854 0.208109 0.300917
134 0.634969 0.821396 0.266531 0.258292
134 0.392531 0.850656 0.259094 0.189604
134 0.550859 0.513729 0.132656 0.394375
