154 0.524323 0.460789 0.159187 0.116734
80 0.657135 0.814750 0.049813 0.073313
80 0.728958 0.799117 0.028208 0.072703
80 0.768396 0.818836 0.052500 0.120672
80 0.858000 0.824211 0.054208 0.131016
80 0.811635 0.832984 0.042646 0.102500
80 0.499854 0.778406 0.009375 0.033906
80 0.378094 0.783586 0.023979 0.056703
80 0.346010 0.781547 0.031438 0.056188
80 0.095344 0.831859 0.083062 0.137437
80 0.554031 0.779586 0.027271 0.046859
80 0.519875 0.779125 0.015125 0.039563
80 0.052521 0.857391 0.074208 0.103031
106 0.742990 0.811555 0.011687 0.019047
