114 0.845453 0.619358 0.006250 0.124954
115 0.892836 0.870573 0.013922 0.030688
115 0.125352 0.466812 0.010891 0.042248
115 0.440953 0.125642 0.008531 0.021651
80 0.595023 0.178188 0.026953 0.126743
80 0.444703 0.169633 0.042219 0.170459
80 0.344438 0.174839 0.034687 0.142248
80 0.131070 0.473211 0.028953 0.220550
80 0.852109 0.750023 0.045375 0.250413
80 0.907797 0.821261 0.041813 0.174450
80 0.946813 0.816560 0.042469 0.213761
80 0.879648 0.132087 0.021703 0.044358
80 0.859398 0.156514 0.015078 0.120000
80 0.939578 0.060940 0.014000 0.046560
80 0.428398 0.092202 0.027641 0.125413
80 0.897008 0.188716 0.018547 0.108899
80 0.913047 0.202523 0.010500 0.109725
