128 0.334047 0.701531 0.336531 0.274521
82 0.516062 0.277510 0.221563 0.109563
82 0.009562 0.301208 0.017906 0.040667
136 0.326969 0.442698 0.249437 0.274146
136 0.482500 0.404625 0.135438 0.218958
136 0.600898 0.383177 0.113672 0.167896
136 0.032937 0.520271 0.062500 0.398667
136 0.758852 0.411760 0.482297 0.293979
140 0.498320 0.753021 0.993297 0.463083
80 0.323820 0.227937 0.139266 0.179500
120 0.750000 0.435948 0.219094 0.714604
106 0.337812 0.243188 0.072219 0.126500
104 0.395156 0.285240 0.040969 0.105104
140 0.464328 0.389896 0.173594 0.069667
80 0.882570 0.179813 0.068266 0.177333
82 0.630617 0.273708 0.025828 0.033458
