82 0.485570 0.593271 0.179172 0.093020
82 0.228828 0.531488 0.104219 0.064158
82 0.035977 0.507757 0.071953 0.072101
80 0.665813 0.594595 0.032156 0.146389
80 0.171430 0.695908 0.092391 0.302407
80 0.307430 0.703042 0.100578 0.288490
80 0.704523 0.597593 0.038422 0.135974
80 0.729891 0.599387 0.024094 0.116411
80 0.759672 0.599551 0.030687 0.119497
80 0.913273 0.607057 0.024328 0.103479
80 0.630617 0.596357 0.034234 0.127112
80 0.766711 0.581630 0.024953 0.106805
113 0.197141 0.009234 0.092281 0.018468
113 0.930117 0.157648 0.139766 0.230569
113 0.959336 0.522593 0.081328 0.235821
113 0.540445 0.341028 0.590016 0.228184
80 0.401523 0.539475 0.019828 0.041094
80 0.045477 0.337210 0.016703 0.066674
80 0.235125 0.327801 0.015844 0.059453
82 0.462297 0.566707 0.170469 0.088425
82 0.339875 0.556039 0.076906 0.048359
80 0.619531 0.637101 0.042000 0.057221
82 0.371320 0.586346 0.028328 0.043063
104 0.705336 0.571444 0.020234 0.042976
104 0.624383 0.569978 0.017578 0.039562
