137 0.452600 0.892681 0.376360 0.214639
136 0.348700 0.605527 0.079720 0.177440
136 0.346180 0.547922 0.033080 0.089819
136 0.428750 0.619910 0.070420 0.173976
140 0.407690 0.540030 0.170740 0.042169
153 0.031200 0.670828 0.032720 0.018102
155 0.587160 0.796130 0.042800 0.087982
136 0.455460 0.745678 0.242760 0.343765
136 0.452390 0.882892 0.381340 0.213976
153 0.651480 0.818524 0.011040 0.105120
153 0.630450 0.838328 0.014300 0.110994
138 0.593330 0.717229 0.085220 0.238313
155 0.476120 0.439864 0.030000 0.083283
155 0.443710 0.527349 0.020340 0.019277
154 0.570820 0.321069 0.038360 0.062018
