147 0.470422 0.518578 0.031000 0.039603
80 0.523391 0.613483 0.676125 0.750552
80 0.063133 0.597897 0.126266 0.480897
80 0.184836 0.643534 0.128984 0.352862
80 0.902508 0.672655 0.194984 0.654690
147 0.979633 0.537129 0.024734 0.019983
80 0.200016 0.441362 0.060719 0.080862
80 0.284094 0.507862 0.128312 0.188759
80 0.670172 0.427164 0.051469 0.182707
80 0.704500 0.453991 0.068594 0.195086
80 0.296867 0.630474 0.094359 0.115466
80 0.123273 0.479983 0.075609 0.218862
80 0.755555 0.513638 0.110609 0.154586
