149 0.494664 0.640448 0.658984 0.696646
121 0.962742 0.228438 0.074516 0.107292
121 0.174070 0.213844 0.065797 0.108188
123 0.128242 0.131802 0.028609 0.072104
123 0.094883 0.130385 0.032984 0.071854
123 0.140578 0.130771 0.027156 0.065542
123 0.115867 0.131927 0.031859 0.071479
123 0.130578 0.076938 0.025875 0.058000
123 0.103164 0.069990 0.030109 0.049771
123 0.134453 0.030656 0.040344 0.056729
123 0.109750 0.140417 0.024688 0.050708
123 0.084500 0.129438 0.030969 0.068125
125 0.847492 0.224010 0.092453 0.065187
151 0.960687 0.421021 0.078625 0.125750
121 0.100328 0.248052 0.075969 0.127271
149 0.485211 0.238042 0.622109 0.136583
123 0.097344 0.105260 0.012875 0.023854
