112 0.942930 0.696721 0.021578 0.017424
80 0.484273 0.759555 0.176922 0.377518
80 0.269125 0.835960 0.202406 0.260679
80 0.119320 0.797857 0.158859 0.334403
80 0.141641 0.501288 0.045062 0.104871
80 0.409180 0.492845 0.045578 0.117119
80 0.325250 0.523993 0.046938 0.064473
80 0.257008 0.502787 0.048672 0.098314
80 0.026266 0.609180 0.052312 0.182436
80 0.868250 0.520492 0.033969 0.049180
114 0.389859 0.713326 0.082406 0.017799
115 0.357070 0.796745 0.031672 0.071616
80 0.065344 0.624848 0.066750 0.139204
80 0.287078 0.530316 0.029531 0.058337
80 0.049359 0.509801 0.040063 0.106862
80 0.813289 0.510515 0.025609 0.069602
