107 0.835977 0.323525 0.034547 0.212998
107 0.258578 0.318044 0.038812 0.187658
107 0.635180 0.329391 0.038141 0.201967
80 0.534500 0.437073 0.169406 0.784262
80 0.838906 0.438150 0.103781 0.678642
80 0.682422 0.471440 0.151031 0.715995
80 0.927219 0.461920 0.143250 0.781311
80 0.253281 0.300948 0.177125 0.386112
80 0.782062 0.360445 0.061156 0.372974
80 0.723648 0.240867 0.094109 0.228993
80 0.453953 0.350937 0.136813 0.568384
80 0.210562 0.178138 0.040969 0.055948
80 0.082383 0.297096 0.034953 0.125293
107 0.105992 0.269145 0.006172 0.040258
147 0.265563 0.320316 0.017531 0.032389
80 0.106172 0.292400 0.037187 0.133044
80 0.729320 0.199813 0.024953 0.029087
147 0.631227 0.418993 0.017609 0.035738
