107 0.530258 0.813260 0.102234 0.373479
80 0.110391 0.766292 0.220781 0.462917
80 0.806555 0.804365 0.152672 0.391271
80 0.214297 0.697792 0.143281 0.355458
80 0.942922 0.693979 0.114156 0.260167
80 0.075586 0.405979 0.021984 0.092333
80 0.304430 0.643573 0.074984 0.098646
80 0.705258 0.586000 0.067703 0.100375
80 0.641781 0.532667 0.050875 0.055583
80 0.939250 0.887135 0.120687 0.225062
104 0.663227 0.777552 0.120516 0.444896
80 0.507852 0.580937 0.575109 0.811667
80 0.815102 0.572406 0.013141 0.020063
80 0.865328 0.714500 0.115312 0.304125
