81 0.203070 0.524200 0.128547 0.116468
81 0.324477 0.490979 0.117984 0.110119
81 0.562344 0.489570 0.124125 0.109928
81 0.114633 0.504749 0.118047 0.099284
81 0.779187 0.485704 0.120406 0.131265
82 0.905320 0.788759 0.189359 0.422482
80 0.562062 0.435692 0.075844 0.166659
80 0.205969 0.459558 0.088281 0.182029
80 0.324594 0.441695 0.065812 0.144248
80 0.123273 0.452780 0.077953 0.139499
80 0.778250 0.431527 0.064281 0.175131
89 0.017398 0.122363 0.034797 0.213079
89 0.577648 0.235310 0.021547 0.100024
104 0.765492 0.369952 0.031453 0.031742
